#format: frame checksums
#version: 2
#hash: MD5
#software: Lavf62.3.100
#tb 0: 1/24
#media_type 0: video
#codec_id 0: rawvideo
#dimensions 0: 1920x1080
#sar 0: 0/1
#stream#, dts,        pts, duration,     size, hash
0,          0,          0,        1,  3110400, f0220d7a55d92bafbb703ec74f028028
0,          1,          1,        1,  3110400, 63001498cb6eda76948a4b60cd931325
0,          2,          2,        1,  3110400, a5befb369a54dfdcf5c25ae3510db5da
0,          3,          3,        1,  3110400, bed7dc9a0bbccb449252c416f82b98c4
0,          4,          4,        1,  3110400, 3ac958e0866379ea56e06e8e464317be
0,          5,          5,        1,  3110400, f29dfb0881058b6fc154913b8701fa39
0,          6,          6,        1,  3110400, 528735c1a820bfad05477bbb2942c530
0,          7,          7,        1,  3110400, bac7a8e803d5274fee47fb2edf0b76ea
0,          8,          8,        1,  3110400, 9a82bcbf20354e2b47da5b6f20c1ce22
0,          9,          9,        1,  3110400, 04a98cbebc9b53127ba3ce7089f368f1
0,         10,         10,        1,  3110400, 8f8e912c1621222f1408f7d3e66bb5f3
0,         11,         11,        1,  3110400, a51e7d812ecafd792c35b40ac6f3536f
0,         12,         12,        1,  3110400, de30c4d391e4133044607a5e1ae79f4e
0,         13,         13,        1,  3110400, 3dc59b12bdbcdf0b52ac52a709c80dab
0,         14,         14,        1,  3110400, 2e1c5b54ccdef7295f85be896bd6b958
0,         15,         15,        1,  3110400, b1d802ea3517898e3392b7dd7c3742b6
0,         16,         16,        1,  3110400, 2d89f175e509ea299f47fed8eec4fd16
0,         17,         17,        1,  3110400, f6f6e4be978ebd281afaaafc84e4659f
0,         18,         18,        1,  3110400, b188d061af70f9f5a2e9296fa9a1a0c3
0,         19,         19,        1,  3110400, dca766bc2634d39ed23ffff5deb02c71
0,         20,         20,        1,  3110400, ea66c02344838d449f90cecea826ae4b
0,         21,         21,        1,  3110400, 123747073ac550988ed07fc1cb20aa50
0,         22,         22,        1,  3110400, 6d1963f08dcdf46048ac0a8f37733e91
0,         23,         23,        1,  3110400, 13be0285e9c0b76ba76beeb97890bdb2
0,         24,         24,        1,  3110400, f08d7addb35fc01c613bc0a442ba97b0
0,         25,         25,        1,  3110400, 685f1e3961ca8d3d1499bb0db32ce2df
0,         26,         26,        1,  3110400, d9cce50906d3319695b41a185d2c573d
0,         27,         27,        1,  3110400, 63c0f926f3b2efd88baff187145f7de6
0,         28,         28,        1,  3110400, 5fd4910adb37029d31859cf7da85087f
0,         29,         29,        1,  3110400, ddac7c9e977b448ffb660e9d5250ee7a
0,         30,         30,        1,  3110400, 7c766782c797f5c7e4fd5981147529d7
0,         31,         31,        1,  3110400, 2414562a49f4f4c0085978b8536d462f
0,         32,         32,        1,  3110400, a47e576b35e1af84b5a0900d61c8dbe8
0,         33,         33,        1,  3110400, 24b5b5936efbf67949ae50a6c47e38dc
0,         34,         34,        1,  3110400, 0770eebc768fa562d9ed58e8c41a9cab
0,         35,         35,        1,  3110400, 6c39fa810232fdb65bf0e5ef4c8b5e78
0,         36,         36,        1,  3110400, 43325248019cb4b62215d9be008dc519
0,         37,         37,        1,  3110400, b91c223705e5b6662508541583dd58e3
0,         38,         38,        1,  3110400, 1a5129ba7d3aec1ecd1e1136a70a0016
0,         39,         39,        1,  3110400, 4f0a0b18388c8c2ed7321710a49f58cc
0,         40,         40,        1,  3110400, 9a25346916ec63765830e777cb07749d
0,         41,         41,        1,  3110400, 22b296057db2c464d4a36d33ce312428
0,         42,         42,        1,  3110400, 5f0f2d5050d4c9f5a085c8ecbe450f40
0,         43,         43,        1,  3110400, 5ec0317f7a13e4719d06d0d6e48de13f
0,         44,         44,        1,  3110400, 91a7b56fc093093f17aa279f4a96f56f
0,         45,         45,        1,  3110400, 566d367ae53d0068dd5ffad8071a704a
0,         46,         46,        1,  3110400, 0138c602fd7394f5930c32a81d48731c
0,         47,         47,        1,  3110400, 5b7c17b1f05dbc47a7cf7286fcd082c9
0,         48,         48,        1,  3110400, 93c18e27526329246466ba65bb672c23
0,         49,         49,        1,  3110400, 7bd8c9064056e48bb1feccc8528030a8
0,         50,         50,        1,  3110400, b0f11964b4b19f4471d2f711f4989057
0,         51,         51,        1,  3110400, c543b57ad169dbf53f652360950304c9
0,         52,         52,        1,  3110400, 719557dd85bf14188d10ce324d4231d9
0,         53,         53,        1,  3110400, 9027c6cc78235ca982969595c1d185fa
0,         54,         54,        1,  3110400, 40b35387b3b35a71bfae1479f98bcebe
0,         55,         55,        1,  3110400, 813185fa0a06779808d9dab013073852
0,         56,         56,        1,  3110400, 74f3078dcd1e249e872e8b855f4c3ad9
0,         57,         57,        1,  3110400, 2fc4619ffabc55ba038cd3a60ed757e0
0,         58,         58,        1,  3110400, 25c88f53eb1f17bb34c57934920ce885
0,         59,         59,        1,  3110400, 3947168a0b358793686e7e02b0d07e44
0,         60,         60,        1,  3110400, fefa34873d7337037634255d0ea07cd8
0,         61,         61,        1,  3110400, 8f0f05e1538f8518294391d8b3efdb80
0,         62,         62,        1,  3110400, e20b31f5999b85174d0548d627811474
0,         63,         63,        1,  3110400, 7fc45a37410cd8e838769e43dfd91ede
0,         64,         64,        1,  3110400, e24d9c2b541cdc768a411cf4ade925d7
0,         65,         65,        1,  3110400, 4d92351ab96bfbe91a4e6924b1ec40c9
0,         66,         66,        1,  3110400, dca8cb1cc9283654df28fc5334c3623e
0,         67,         67,        1,  3110400, 25424d4b3b256cae6637c559f1591448
0,         68,         68,        1,  3110400, d52fb80d6cd9a58935369d3538345e17
0,         69,         69,        1,  3110400, 82475353e3f80e86e8311a96314b1746
0,         70,         70,        1,  3110400, 99611d82c3a3fda325a6c049e555d105
0,         71,         71,        1,  3110400, 02bdc0c69f2b0dac872cbe93eb4736ad
0,         72,         72,        1,  3110400, 2c7051772693dbe3511dbe21ddee0d27
0,         73,         73,        1,  3110400, 8fb01416c7ce22da503086b91722052e
0,         74,         74,        1,  3110400, e9745aec82e440968e0adc43a2b136b0
0,         75,         75,        1,  3110400, 0b0ac2be3e2fc5801d883a0a548e00a7
0,         76,         76,        1,  3110400, 4d2ea35271b94caec9fbb0dcb72c79f8
0,         77,         77,        1,  3110400, e0a4e3e530375559e63decfab01a5582
0,         78,         78,        1,  3110400, 5025d261f445aa1f8ccecf67a3a3185b
0,         79,         79,        1,  3110400, 84d387dd189270bd95e7a95278d32885
0,         80,         80,        1,  3110400, 882786a82a41aa07482882009e8843b7
0,         81,         81,        1,  3110400, 2b301c90025533de15715c12fefcbed2
0,         82,         82,        1,  3110400, a1fb7a8165a38f3dd418357a27033e5a
0,         83,         83,        1,  3110400, b1ff03b9bb5e4d1c8f3cf648b60e00de
0,         84,         84,        1,  3110400, 87d416a6869aa03bbbd3f2c8d3be0a8f
0,         85,         85,        1,  3110400, 9adc066ee1aef1ec5b2bb22fd473b0ca
0,         86,         86,        1,  3110400, 729e777194dc00c9aa9cb4190154db62
0,         87,         87,        1,  3110400, a3133b23491150403af117599864acb3
0,         88,         88,        1,  3110400, d922aff9b2808c2061ea86d0c85312c1
0,         89,         89,        1,  3110400, 993d20b1f9d53a7028c6bb62d4902293
0,         90,         90,        1,  3110400, 0a163fdd8bd186036572fb87c6c0b02d
0,         91,         91,        1,  3110400, 43536b50d0073d79c34b714fa52717fc
0,         92,         92,        1,  3110400, 30abc6b9dcb5b9b57fa9af179d0b1ad8
0,         93,         93,        1,  3110400, 95f82c4705a0b683a79ab67856cc07bf
0,         94,         94,        1,  3110400, a7f5a75b6420847bda103bc011bd9a6c
0,         95,         95,        1,  3110400, 3552004d51f7af9be5c3fe198a855765
0,         96,         96,        1,  3110400, 12e3ae7cc274ffb72ddf49ac5e48bd53
0,         97,         97,        1,  3110400, 6a9c9dde48cf4b19c19d2290d6a30db7
0,         98,         98,        1,  3110400, c35ec7290e8893a78a468dca93597c33
0,         99,         99,        1,  3110400, 7b840028719b5215795f382b078d492e
0,        100,        100,        1,  3110400, 1fe1029f984b6644ccfc1e560bec9d65
0,        101,        101,        1,  3110400, a1311db92ecd504bae80b4c1a157a72f
0,        102,        102,        1,  3110400, 397241ffe676f6db967f8bd75b1bae6a
0,        103,        103,        1,  3110400, b284854ed6b721bb4dac6df0842a16bd
0,        104,        104,        1,  3110400, a3639b4537f3d48b1c14cf1001aba4ca
0,        105,        105,        1,  3110400, dd1ea6da0c9e9c0dd2b100e5a4ba08b7
0,        106,        106,        1,  3110400, e090da9b9e706bb5f22c15373e7806bf
0,        107,        107,        1,  3110400, 8e694c47b7c527e046ae1f428a0681ef
0,        108,        108,        1,  3110400, c972047137967456d14dcd814a05acb7
0,        109,        109,        1,  3110400, d12db86ec2ef89ba65723db56a6e70eb
0,        110,        110,        1,  3110400, cd9122a26039a7797c9643da512158f7
0,        111,        111,        1,  3110400, bb72eefdc3ecba733911a4e0f9a291a8
0,        112,        112,        1,  3110400, 4bf5707a09576f89b8d9080a4a9fb67f
0,        113,        113,        1,  3110400, 5a104c378ad8787f84d4a13f271be16b
0,        114,        114,        1,  3110400, 58c1a9267811bde41fe5f003eae4ac30
0,        115,        115,        1,  3110400, abdbf21aee2a6a506e59ae00aa67a262
0,        116,        116,        1,  3110400, 4c00a02ef5a964ebe0b3e049255da15b
0,        117,        117,        1,  3110400, 4aa62f7d6cdde603ac47adcce2121d32
0,        118,        118,        1,  3110400, 6037a2d8740e9f80a87cd20c89b600cc
0,        119,        119,        1,  3110400, 56d538c22f95350b9bac99fedd8bd1b8
0,        120,        120,        1,  3110400, e01f4b4318c505de98efadeea24acd7e
0,        121,        121,        1,  3110400, eae8a3d865d84c7cd7e28785ba579688
0,        122,        122,        1,  3110400, af8b06a1d329fbf33ac8f6786964cf2c
0,        123,        123,        1,  3110400, 466165bd1590d5617977b3471116f2d1
0,        124,        124,        1,  3110400, 60581a3ca6a2b534bf05df14d5364cba
0,        125,        125,        1,  3110400, 924da1d9646e043e6abd629bd834925e
0,        126,        126,        1,  3110400, e662273d4938acb0ce230c449184a23e
0,        127,        127,        1,  3110400, 80ef689b7d1233d7a8219fb84f15171d
0,        128,        128,        1,  3110400, 0cda5251bbeac6cb18280f0ca5e2c7ae
0,        129,        129,        1,  3110400, c77914ee35a5b1f268660ce92692fa14
0,        130,        130,        1,  3110400, 2369abcf11b6541cbf1fe45385abf2e4
0,        131,        131,        1,  3110400, 6f5b5a281ac30ebd4b70637d777cf502
0,        132,        132,        1,  3110400, 50d0f3afa4611fa9f2db05a08b31ceba
0,        133,        133,        1,  3110400, a8931df85f7d12e6c751584d3e9b14a0
0,        134,        134,        1,  3110400, 68c7373166f016093edeb21507293bbf
0,        135,        135,        1,  3110400, 6b550eb354ef350b58e49dc073e1e7d8
0,        136,        136,        1,  3110400, 6a7b3ecdceb276534d9df414ec3aa7a3
0,        137,        137,        1,  3110400, 4d137b744057493bc5c344fb445f1022
0,        138,        138,        1,  3110400, 7c0ea9b96ce8d7301ffaf62a46e302e1
0,        139,        139,        1,  3110400, 5d7568d9ec5cd4ce8ab2810abffe0586
0,        140,        140,        1,  3110400, 1ec9b92a4ff794a85a55a9bd2c8c60c5
0,        141,        141,        1,  3110400, a8048551f7e1b30010e664e80755b2a1
0,        142,        142,        1,  3110400, dfcdfb6e1a3b3cb628e3afe93861a02b
0,        143,        143,        1,  3110400, e3d4436daf2223cf16b4e8b6ed5deb25
0,        144,        144,        1,  3110400, 1095205f086f990a28dc0a5bcd1adc53
0,        145,        145,        1,  3110400, 2d8081f8a4a4aecce2f81ce4661c3328
0,        146,        146,        1,  3110400, ec0d57abd7cf97bd407e2caf0f929fe6
0,        147,        147,        1,  3110400, 6ce2392727c0178328ca02d3db0786b0
0,        148,        148,        1,  3110400, aa322a96cbed2cde72c822d12bca21aa
0,        149,        149,        1,  3110400, 4200fda618787ecb4af2f2ab554ef9fc
0,        150,        150,        1,  3110400, 6f69379940b6f4b990fba8fc4bd144e4
0,        151,        151,        1,  3110400, 1ce0f3486c212350a481f752c13aec4f
0,        152,        152,        1,  3110400, 561f22381e81df5f2e79d621858ef923
0,        153,        153,        1,  3110400, 3440c1faf96b42d95f90122bc77d2ca5
0,        154,        154,        1,  3110400, b8f1100ec50b2183c04ecfa225d25e7d
0,        155,        155,        1,  3110400, 7ff12134120e7fb5d1651cab2dab52ac
0,        156,        156,        1,  3110400, 03baf029e0c9ef5f547aba90671b0408
0,        157,        157,        1,  3110400, 2d4736fbf6d886ba54ff40d98b201ae7
0,        158,        158,        1,  3110400, 4c4c5b9e4c77544974c160f7bf7fcb02
0,        159,        159,        1,  3110400, 414cc92b9badbfae446d5a9550036564
0,        160,        160,        1,  3110400, 1a7789e0fdf18d2911d6184b9fb64308
0,        161,        161,        1,  3110400, af3cbe72633976367c9bb0cae5b0df8a
0,        162,        162,        1,  3110400, 869ceaa8bc5d586305515831cafd4a0d
0,        163,        163,        1,  3110400, 9d48e70aec29848b5cacb8d1b7588123
0,        164,        164,        1,  3110400, 59b1458711b2d9602e58ddf0d2ac988f
0,        165,        165,        1,  3110400, c9ba13d01f97af37b176f167ff53392c
0,        166,        166,        1,  3110400, a272d5b5eeddd56ed17c3b449d2dccca
0,        167,        167,        1,  3110400, 9c9d5fc3f49ed9f80c2d4fe1206381b6
0,        168,        168,        1,  3110400, 4c8b3e6c01cf4c95372fad6e67e1a4f0
0,        169,        169,        1,  3110400, bf1a60e06c68c89a0c417471bb79d743
0,        170,        170,        1,  3110400, fd2bde58261db4367ec7d5da3957bd98
0,        171,        171,        1,  3110400, 9ca97869348d7482640b4a34f5de5586
0,        172,        172,        1,  3110400, 46b3fbbc8511f5cb45fce5c94369c832
0,        173,        173,        1,  3110400, 8266472d3502ed1935ebc26e2182a2a8
0,        174,        174,        1,  3110400, b987d8be676ee5129dc048fb9ccb7d8b
0,        175,        175,        1,  3110400, 6c330716732e25b14d65cacf2b3e226f
0,        176,        176,        1,  3110400, 1f9b24451136a0efe8d550f2c91bbce3
0,        177,        177,        1,  3110400, 7beb1e228f7904ebe7e04bebaf1c0845
0,        178,        178,        1,  3110400, c3fb9e1d5fdb6334336af27a5ee975bc
0,        179,        179,        1,  3110400, 912a5a38e4a2286bca804cbadbe9a6a6
0,        180,        180,        1,  3110400, bcaf9f01b16e4513c25c298cc44be99f
0,        181,        181,        1,  3110400, 745e4837a5114e2743944c463f949dc9
0,        182,        182,        1,  3110400, 967397b07dc5bee9aad0d6dd2b4fd8a7
0,        183,        183,        1,  3110400, 4c01f26f2cee73781b391961d75717be
0,        184,        184,        1,  3110400, fc83e4343d5956c016face50993d275e
0,        185,        185,        1,  3110400, a3680d31b2d3764b84315f8a7c19b851
0,        186,        186,        1,  3110400, 28a967b44330a23b2a42f3b4162d0f6d
0,        187,        187,        1,  3110400, 7b452d93df4141b62afcbb830515f035
0,        188,        188,        1,  3110400, 1ade46b93d017e047125dd1baf8fbd4b
0,        189,        189,        1,  3110400, 0e883d13053eea6cb8e80aaf82d0467e
0,        190,        190,        1,  3110400, fe47f9d6538815c20f4a0adc3e06e592
0,        191,        191,        1,  3110400, c743f90fa42cb3fa347e0902c1913d78
0,        192,        192,        1,  3110400, 531dd17951d39e7af6fde6d94fb1eb6f
0,        193,        193,        1,  3110400, 4a4e872b25ecc37231a7e0b1cc916b10
0,        194,        194,        1,  3110400, e720a34f543d08b1fb1cb637429d960b
0,        195,        195,        1,  3110400, 67e6a6201e6f76c993e9464acfcc735e
0,        196,        196,        1,  3110400, 6d6efd530986f96b8f772f2050ba6779
0,        197,        197,        1,  3110400, 148045a18d234d459f417bf14b666615
0,        198,        198,        1,  3110400, 1f8a78ac8790d0b37becb7eba919a1e1
0,        199,        199,        1,  3110400, 2383c6be718b643ed8ad03180188499b
0,        200,        200,        1,  3110400, 65f17a3657e4ba17034c0d315aa360ad
0,        201,        201,        1,  3110400, fcdb1403aa92b31533cab8179714aa36
0,        202,        202,        1,  3110400, 061aa2c5ade13b12f76924f669d91b7d
0,        203,        203,        1,  3110400, a17171ac2eafe3f2de56a2e105f8bd3a
0,        204,        204,        1,  3110400, 76b83f73565da83601ef0d449176c825
0,        205,        205,        1,  3110400, 6831c314488cddd0fe31e752e12f12a9
0,        206,        206,        1,  3110400, 67a299be23d04058f5d61b7d7d61a9af
0,        207,        207,        1,  3110400, e31e82376bd4c9d548dbe7c594d596db
0,        208,        208,        1,  3110400, 16860c53cb3df5d18cf46b998f7ef7d2
0,        209,        209,        1,  3110400, b7a007e01ef40038f5df55a19bfecb52
0,        210,        210,        1,  3110400, 704b21b6a51a693f1da45c01f4d4be78
0,        211,        211,        1,  3110400, da316b41b2c31fcfd6de35d49ccac6f9
0,        212,        212,        1,  3110400, b79d54fb2ca9565430dc0b5681d3db45
0,        213,        213,        1,  3110400, 41100bcaaf57f37d3ee3d01bd6fbda39
0,        214,        214,        1,  3110400, 82b655a52d93d318e27a5f0eb636b206
0,        215,        215,        1,  3110400, 5197a7489ab6e06ffe0046c2ec14b1b6
0,        216,        216,        1,  3110400, 4202129aaa898c6ce8c9b15a51fb6a07
0,        217,        217,        1,  3110400, 475901a80a9fbf034d4f09f3d6d6e3e7
0,        218,        218,        1,  3110400, f9675c940a2dc71c084c17f1d43c16df
0,        219,        219,        1,  3110400, 9cdf6574c73c79cb9c0bc82c6014dc8b
0,        220,        220,        1,  3110400, 1e32292adba783a16702e36a78290a32
0,        221,        221,        1,  3110400, 2cdd8404c1359e08d8cd7f9c24448fe4
0,        222,        222,        1,  3110400, 666f62ca2acf00efac4d57c945d58983
0,        223,        223,        1,  3110400, 9956ee497d516745ff85474c21e70cce
0,        224,        224,        1,  3110400, 3c5c6ee81716e933d6aedd6228d12ef6
0,        225,        225,        1,  3110400, a1144c252322ce43455925757c30eb7b
0,        226,        226,        1,  3110400, 23296d5c5d927358a18c539887743361
0,        227,        227,        1,  3110400, 0cf8c845377b02e391e47cc2a450d620
0,        228,        228,        1,  3110400, 4bdd3dae79cc4302b167928a73c9afb3
0,        229,        229,        1,  3110400, 32909f1eca2a298593d6ea6a7766f46b
0,        230,        230,        1,  3110400, 0a3ce2ad558b87e887fcf6a54b37bebb
0,        231,        231,        1,  3110400, 7d7347f9f6ce75c4d899446fb7699dfb
0,        232,        232,        1,  3110400, 691a102540ee8f102a8eafd87854d2f2
0,        233,        233,        1,  3110400, b7b81bcf75d7d29b3059f2328048f697
0,        234,        234,        1,  3110400, 64db1e5acbd97d7916c62b13c3cbdf34
0,        235,        235,        1,  3110400, a486b45554ca1d6c9da48fed5f663e79
0,        236,        236,        1,  3110400, 675eac9c53b5320cac4514a54e4be8a7
0,        237,        237,        1,  3110400, af0f14ab1eb2e706f426b49fe7bd5fe3
0,        238,        238,        1,  3110400, 304ad1f07770a730fe2f3bd845465b5f
0,        239,        239,        1,  3110400, eed24323958e4e9a263b3c04cc0aeccb
0,        240,        240,        1,  3110400, c3279c082e805024d734c57009cbd631
0,        241,        241,        1,  3110400, b8cc7e89a6803576447f89630380f6a8
0,        242,        242,        1,  3110400, 5cd918b7226dd8169fed1011bb579d28
0,        243,        243,        1,  3110400, 6d6e0ca141f0a67fff76b1b7760d3b14
0,        244,        244,        1,  3110400, c55f5c009c8ff838a2d15056fefcfd46
0,        245,        245,        1,  3110400, e47a122751179507f282f486f56c0159
0,        246,        246,        1,  3110400, daaa409c88922fd8ad0f8b61c8a16062
0,        247,        247,        1,  3110400, f0fd6c1b59489da7c00dbd1a7617b7e8
0,        248,        248,        1,  3110400, 921ce31d8bad21418a45742cca63d346
0,        249,        249,        1,  3110400, f869d6cbdfaa39b4928f5e3b05175cc1
0,        250,        250,        1,  3110400, e61b9c802afbaf8d244a5cb7317336ef
0,        251,        251,        1,  3110400, a77cbcf702b0741ec41be2e575b68f4f
0,        252,        252,        1,  3110400, 159604cbb158860166b04fe79b401a2a
0,        253,        253,        1,  3110400, af40ee4dc92167989de7d85185c39042
0,        254,        254,        1,  3110400, 08f69240a84d0a245baebb967db90db9
0,        255,        255,        1,  3110400, 7fafb3775fd8bd9ee82d2517932df807
0,        256,        256,        1,  3110400, f8e624ff60e1471fc540d39e6debd965
0,        257,        257,        1,  3110400, 5fdb59bc90d5da7950106acd753c8ead
0,        258,        258,        1,  3110400, 835e53bc94a7d4cbeed792da56d3223c
0,        259,        259,        1,  3110400, 05094eb89d867cfcfcfe4f071b55247f
0,        260,        260,        1,  3110400, 9a82f1b046e24576aaf5f3cc08791e3f
0,        261,        261,        1,  3110400, 97d4063bcd450001a07cca15b673cf51
0,        262,        262,        1,  3110400, e942633527a272432a43b85978cea7c9
0,        263,        263,        1,  3110400, 6902b04f690b3bdf218b1cd0aa127022
0,        264,        264,        1,  3110400, d62849e7718ca88f88c57d19911ee103
0,        265,        265,        1,  3110400, 3cf56076e34859e7e512d98c7225833f
0,        266,        266,        1,  3110400, b8ffc26c5660500294e49bd11dc57a39
0,        267,        267,        1,  3110400, e4a6927334f1910bd1a74b4fa0b577a7
0,        268,        268,        1,  3110400, 1005e96ca334b84f291b2d85a0bb7d10
0,        269,        269,        1,  3110400, 90dd48d084387fa027e96558a1e9f68d
0,        270,        270,        1,  3110400, c5aeb9be43a2cfb92d8f03d500e31ac1
0,        271,        271,        1,  3110400, 5112b855a1ce7d8466735a2d026abeab
0,        272,        272,        1,  3110400, 80f1eabc56b42a21e77e95f2a210416e
0,        273,        273,        1,  3110400, f46c2c0c3c8bf9b7ef72f0c2060a31e8
0,        274,        274,        1,  3110400, d1cb0237ac281f79324acc1edb95ff82
0,        275,        275,        1,  3110400, 24fe09d52be8d2c178ccaf72f6acd63c
0,        276,        276,        1,  3110400, b7d9deacb7d1f3c0709b83be0c6c6a0d
0,        277,        277,        1,  3110400, 14a3bcbacdc5760eee37445fe307739c
0,        278,        278,        1,  3110400, 951a1354e9a5465704825909ce0aac14
0,        279,        279,        1,  3110400, 30489ef8b1366ef322b86c6a15f5e387
0,        280,        280,        1,  3110400, d17ad0248e234b9ae1bb3b8ca02c1ed0
0,        281,        281,        1,  3110400, 12b5a3ec7094f4e4338cfdc4b60a715a
0,        282,        282,        1,  3110400, 43d6c6f4110c5088b0c00e1fcf8f19e2
0,        283,        283,        1,  3110400, cb3cfc50eb4d5a21f6116cb295e2a092
0,        284,        284,        1,  3110400, 5c0d0aac00ede8d62f0b2dd43c5291e5
0,        285,        285,        1,  3110400, c84a7ca9ce668266a4c55eeeff8a675d
0,        286,        286,        1,  3110400, f0a5dc5e7bd991d3cd6435fafdfa25ce
0,        287,        287,        1,  3110400, ae88f35d84f2050630806326ceba29e7
0,        288,        288,        1,  3110400, 84d2335513946aaab58bfde2a26edc34
0,        289,        289,        1,  3110400, d2ff6ff0c8615580fed5f52007825d29
0,        290,        290,        1,  3110400, 70f5f816f359cf1186dec30be8b2c71b
0,        291,        291,        1,  3110400, f88b926a20e7241205aea700279c4d36
0,        292,        292,        1,  3110400, d311170cd570ae5824da405420fc40e2
0,        293,        293,        1,  3110400, 75f0bface29c93dfbea83f2b1c9e51b0
0,        294,        294,        1,  3110400, bc62720d0faaf6c68322bfd33001f5f0
0,        295,        295,        1,  3110400, 12087bab8d283e209c31c0aa8af9555c
0,        296,        296,        1,  3110400, abc006dd4554cbd714ddf3237bac6e83
0,        297,        297,        1,  3110400, fe69140078d148d8781e2251d61c242d
0,        298,        298,        1,  3110400, 4a7430a39e11462f1bf11de49158eb1c
0,        299,        299,        1,  3110400, e39bc776c4c4021db497e881a14eff35
0,        300,        300,        1,  3110400, 79f92e28a060849f64d37451dc71b56a
0,        301,        301,        1,  3110400, b5340cba5ccfe7bc2989d9281f9c820e
0,        302,        302,        1,  3110400, b7fe4ebf0f7f19ce3ce663baefa9b15a
0,        303,        303,        1,  3110400, 37df8585db00b1fcbbbe274a6bc4c16c
0,        304,        304,        1,  3110400, 97ad1ad8f9c66a83561fb1eedad065ef
0,        305,        305,        1,  3110400, 125be2e100680d85818d7a6d5e09f8d1
0,        306,        306,        1,  3110400, bd1f707b89dc1d8596d02d123c932495
0,        307,        307,        1,  3110400, 4df88220cceeb7ae9382822e5546a009
0,        308,        308,        1,  3110400, 437787288487ee9fb47d9d84253bd975
0,        309,        309,        1,  3110400, bd2dbf697d38fe175d425939e899e7cf
0,        310,        310,        1,  3110400, 19aafe4c66bad0f191cfd25850ab74fb
0,        311,        311,        1,  3110400, c2278e58ec3d0af37759625af5dbe536
0,        312,        312,        1,  3110400, c7dfbed9b2005e3ff586af0e5da34336
0,        313,        313,        1,  3110400, 22a9c76e2727d1f16be770719d31722f
0,        314,        314,        1,  3110400, c1e9bfe4ea6cb80c793bdd609394d340
0,        315,        315,        1,  3110400, f7a87c6a1fce0ffca49e0ff695ffff0b
0,        316,        316,        1,  3110400, 30241b1b65ea4d98d7d7fa5f7abafd3f
0,        317,        317,        1,  3110400, f5970c9db2bedfbc44c7d1d9ed43c696
0,        318,        318,        1,  3110400, c2b0db46e40f8db9affd7bd430b2e5b8
0,        319,        319,        1,  3110400, a6ad1d55ed6637a2471a8d282e78a08f
0,        320,        320,        1,  3110400, c852c7a25a3b68d360e3f1baaada5846
0,        321,        321,        1,  3110400, 806275f9f3d86fff7cf5ab94ac9a27be
0,        322,        322,        1,  3110400, 0284eff74e267890798c40c38a16379d
0,        323,        323,        1,  3110400, f1bbfa1de3bda2881a1b354d2e371fcd
0,        324,        324,        1,  3110400, 1e7ca1fac63d4fca7f9adadf120fa43d
0,        325,        325,        1,  3110400, f0acd82ee0ec86dd4c773803e7d89cf0
0,        326,        326,        1,  3110400, e46c86db58d0f29d637a8b02df3c5670
0,        327,        327,        1,  3110400, 61b47a128f93afaf7c778d34ca0006d7
0,        328,        328,        1,  3110400, 3eb95a31aa2b0079974643dfa56a92c0
0,        329,        329,        1,  3110400, 578bcafa42790e59834307ba5175dae9
0,        330,        330,        1,  3110400, 733d0ce802c7c1f17a0d9f3dfbb1ff8f
0,        331,        331,        1,  3110400, 52594377bdc7bd965fea685d08439216
0,        332,        332,        1,  3110400, 181da1933521422438b428fffd9d1c4e
0,        333,        333,        1,  3110400, 9f721191a0b1e64772f9c8b0a6bc92b6
0,        334,        334,        1,  3110400, e465579b5e9c26770316ca9967826ed8
0,        335,        335,        1,  3110400, 700fc114d72d7360ce34d80b42af22cd
0,        336,        336,        1,  3110400, e286a7f6bbc12c71185bb703ae3793bf
0,        337,        337,        1,  3110400, d36e85a980b7cf42ab606fd582710d7b
0,        338,        338,        1,  3110400, 029879ac58f282e8e6df94e2b906d09b
0,        339,        339,        1,  3110400, 44901594d29f764cc3de0580ff8e78fc
0,        340,        340,        1,  3110400, 834d8f684a5883dfc3922786719d08aa
0,        341,        341,        1,  3110400, eba564a435a1b834e6257c50c845b61b
0,        342,        342,        1,  3110400, 94a74ac392e407ca14d94a3210e5b4a1
0,        343,        343,        1,  3110400, aa268b6d6e84f42542f1f0968dc17923
0,        344,        344,        1,  3110400, 6043f139b0828679aaa85d52706eb335
0,        345,        345,        1,  3110400, 35b64ade20791e918cd1143eb795eab3
0,        346,        346,        1,  3110400, 84a1ab528e42ccce54da12f7e07e2c5b
0,        347,        347,        1,  3110400, ec81cbbfdec54f5a9b5cef541458abbe
0,        348,        348,        1,  3110400, db8d12defeeba30851c843fbbe53c1ad
0,        349,        349,        1,  3110400, f8dc55b06dc6f0a2a29e748a6f375e21
0,        350,        350,        1,  3110400, 25da868985bdd9a3046a6099dc9ff75d
0,        351,        351,        1,  3110400, 5a49769a36d8bdbec9fbfe36cdc4a211
0,        352,        352,        1,  3110400, fbdda5c5aac06c203dac797877d7e690
0,        353,        353,        1,  3110400, 6437169acfdd80c72ebeff67b0eea5f7
0,        354,        354,        1,  3110400, 76a3151f02bac00aaab1961fc2768511
0,        355,        355,        1,  3110400, 735b94fb6aa27f9b79bca31d0a9dd9a1
0,        356,        356,        1,  3110400, aa86a79385718a699d46e13619bfe05f
0,        357,        357,        1,  3110400, 2235a35832519eb9f6eca285a69e9009
0,        358,        358,        1,  3110400, 3ad1ca9f3a016c638c8cc511934d4720
0,        359,        359,        1,  3110400, 046e7a7c36455362ee45c0da9adad387
